1 43.1593931 19.8071154
2 43.1621933 19.8090837
3 43.1623971 19.8084478
4 43.1626546 19.8094572
5 43.1628263 19.8095581
6 43.1640065 19.8106483
7 43.1650364 19.8104565
8 43.1648755 19.8110217
9 43.1650901 19.8101941
10 43.1645054 19.8115063
11 43.1651652 19.8113599
12 43.1653959 19.8105978
13 43.1657821 19.8108703
14 43.1659591 19.8110571
15 43.1662917 19.8093007
16 43.166973 19.8095329
17 43.1659055 19.8091392
18 43.1660771 19.8091443
19 43.1661415 19.8087809
20 43.1678098 19.8097903
21 43.17002 19.8086497
22 43.171404 19.8088516
23 43.1714898 19.8085033
24 43.1723803 19.8085538
25 43.1714684 19.8079582
26 43.1716025 19.8073223
27 43.1719619 19.8073829
28 43.1727505 19.8083519
29 43.1708086 19.8070649
30 43.1705672 19.8076403
31 43.1696981 19.8072668
32 43.1694889 19.8078018
33 43.1693441 19.8072062
34 43.1690758 19.8067419
35 43.169328 19.806005
36 43.1686199 19.8063785
37 43.1684911 19.8059293
38 43.1687808 19.8057224
39 43.1681103 19.8059596
40 43.1681585 19.8063987
41 43.1674773 19.8063836
42 43.1670052 19.8051571
43 43.1667799 19.8061867
44 43.1654602 19.8051622
45 43.1665492 19.8062523
46 43.1662703 19.8056114
47 43.166002 19.8063987
48 43.1659859 19.8054347
49 43.1655407 19.80654
50 43.1658196 19.8059596
51 43.1658357 19.8071356
52 43.1661415 19.8077463
53 43.1652725 19.8074586
54 43.1651008 19.8071406
55 43.165428 19.8078775
56 43.1716937 19.8070043
57 43.1711787 19.8052328
58 43.1707227 19.804718
59 43.1716615 19.8044051
60 43.1717205 19.8038751
61 43.1715864 19.8033654
62 43.1703794 19.8037187
63 43.1697088 19.8036783
64 43.1689686 19.8026285
65 43.1688291 19.8031231
66 43.1693172 19.8036632
67 43.1695265 19.8042234
68 43.1698215 19.8045868
69 43.1690007 19.8045111
70 43.1691402 19.8049199
71 43.1693172 19.8054044
72 43.168003 19.8027446
73 43.167091 19.8020077
74 43.16715 19.8033099
75 43.1666833 19.8013011
76 43.1671178 19.8008014
77 43.1660289 19.7997465
78 43.1678689 19.8013414
79 43.1685609 19.8015989
80 43.1681156 19.8003471
81 43.1668657 19.8005743
82 43.170197 19.8031231
83 43.1707603 19.8029515
84 43.1713504 19.8027749
85 43.1698805 19.8024064
86 43.1707388 19.8013717
87 43.1698751 19.8010033
88 43.1693119 19.8011698
89 43.1700897 19.8015736
90 43.1694943 19.8018411
91 43.1686789 19.8037893
92 43.1726754 19.8080541
93 43.1740433 19.8077513
94 43.1751645 19.8073425
95 43.1751081 19.8069614
96 43.1727666 19.8070775
97 43.1721711 19.8054953
98 43.1721336 19.8049502
99 43.1720531 19.8043698
100 43.720799 19.8031887
101 43.1742418 19.8029414
102 43.1732172 19.8040871
103 43.174805 19.8038297
104 43.1742579 19.803971
105 43.1757009 19.8054498
106 43.1752181 19.8056618
107 43.1748211 19.805041
108 43.1745476 19.8045666
109 43.1737161 19.8058788
110 43.1764036 19.8045716
111 43.1766665 19.8039155
112 43.1778789 19.80332
113 43.1778789 19.8040064
114 43.1778252 19.8046726
115 43.176645 19.8045817
116 43.17716 19.8045817
117 43.1769669 19.8056315
118 43.176527 19.8053085
119 43.1777287 19.8056114
120 43.1769454 19.8060858
121 43.177675 19.8064694
122 43.1778467 19.8050764
123 43.1794131 19.8055003
124 43.1794024 19.8048038
125 43.1794882 19.8041679
126 43.179574 19.8035824
127 43.1780398 19.8027547
128 43.1780934 19.8020884
129 43.1792092 19.8028354
130 43.1792843 19.8022298
131 43.179338 19.8016847
132 43.1796706 19.8016948
133 43.1782758 19.8007358
134 43.1767631 19.8017149
135 43.175658 19.8003017
136 43.1751215 19.8002311
137 43.1761301 19.8000493
138 43.1784475 19.7988986
139 43.1773102 19.7989289
140 43.1773102 19.798303
141 43.1779218 19.7977276
142 43.1805289 19.8037237
143 43.1805825 19.8043395
144 43.1806469 19.8051167
145 43.1810117 19.8052883
146 43.1810117 19.8058738
147 43.1794667 19.8060858
148 43.1810117 19.8065501
149 43.1793487 19.8063583
150 43.1786299 19.8058637
151 43.1791985 19.8066712
152 43.1801534 19.806964
153 43.1809151 19.8071558
154 43.1814086 19.8074081
155 43.1807113 19.8075191
156 43.1823742 19.8070851
157 43.1814945 19.8060151
158 43.1834579 19.8063078
159 43.1841874 19.80547
160 43.1847668 19.8057224
161 43.1840158 19.8067015
162 43.1843483 19.8073173
163 43.184166 19.8077715
164 43.1925559 19.8108401
165 43.1931353 19.8106786
166 43.1938648 19.8105978
167 43.1941009 19.8092856
168 43.1943154 19.8076706
169 43.194176 19.8073475
170 43.1935537 19.8071658
171 43.1923842 19.8077412
172 43.1942725 19.8064088
173 43.1947875 19.8077008
174 43.1939828 19.8108602
175 43.1942081 19.811476
176 43.1951308 19.8115466
177 43.1943154 19.8118091
178 43.1936073 19.8119403
179 43.1932104 19.8121321
180 43.1950986 19.8120614
181 43.1956887 19.8122734
182 43.1962681 19.8123743
183 43.1966221 19.8115567
184 43.1972122 19.8116879
185 43.1978559 19.81191
186 43.1992614 19.8123541
187 43.1981134 19.8131414
188 43.1985211 19.812122
189 43.1974912 19.8126771
190 43.1970191 19.8122734
191 43.1960964 19.8107997
192 43.199079 19.8128689
193 43.1991863 19.8139792
194 43.1982744 19.8139086
195 43.1970406 19.8137269
196 43.1971908 19.8132525
197 43.1953239 19.8127781
198 43.1948948 19.8132424
199 43.1942511 19.8130203
200 43.1947875 19.8123743
201 43.19291 19.8125055
202 43.1931138 19.8131515
203 43.1952274 19.8134342
204 43.1949592 19.8140095
205 43.1969011 19.8143325
206 43.1972551 19.8150189
207 43.1960964 19.8151804
208 43.1947231 19.8145142
209 43.1945515 19.8137874
210 43.1981564 19.8159878
211 43.1977165 19.8161191
212 43.1982958 19.8162301
213 43.1987143 19.8161393
214 43.198446 19.8187131
215 43.2005167 19.8162604
216 43.2013857 19.8158465
217 43.2086813 19.8173202
218 43.2014501 19.8191168
219 43.2024372 19.8197527
220 43.2028234 19.819571
221 43.2025659 19.8189553
222 43.2040572 19.8204088
223 43.2041752 19.8198133
224 43.2039928 19.8190764
225 43.2050121 19.8206611
226 43.2039821 19.8211658
227 43.2033277 19.8206207
228 43.2028449 19.8211254
229 43.2033169 19.8215695
230 43.2038963 19.8220237
231 43.2044113 19.8216099
232 43.203392 19.8224779
233 43.2028985 19.8219126
234 43.202405 19.821519
235 43.2021153 19.8203078
236 43.2050979 19.8251424
237 43.1937146 19.8137168
238 43.1930494 19.8137471
239 43.1945622 19.8155538
240 43.1952488 19.8155336
241 43.1946266 19.8158566
242 43.1940901 19.8159374
243 43.1926739 19.8137471
244 43.1925666 19.8141407
245 43.1932211 19.815463
246 43.1921697 19.8144435
247 43.1913114 19.8172394
248 43.1918585 19.8173606
249 43.1925559 19.8178249
250 43.1919229 19.8178955
251 43.1925881 19.8191976
252 43.1933069 19.8190361
253 43.1939185 19.8188847
254 43.1946373 19.8188544
255 43.1945622 19.8179359
256 43.1939185 19.8180065
257 43.1919765 19.8192177
258 43.2007313 19.8200454
259 43.1991863 19.8202473
260 43.1995082 19.8212465
261 43.1949162 19.8208327
262 43.195281 19.8215493
263 43.1945622 19.8209235
264 43.1923735 19.8210345
265 43.1946588 19.8219328
266 43.1950343 19.8223668
267 43.1935751 19.8222154
268 43.1923091 19.822488
269 43.1927383 19.8224274
270 43.1938326 19.825637
271 43.1959462 19.823901
272 43.1941223 19.8262829
273 43.1955278 19.8247791
274 43.1966114 19.8284327
275 43.1969225 19.8267573
276 43.1985211 19.828251
277 43.1979954 19.8243047
278 43.1966329 19.8254351
279 43.2003987 19.8241836
280 43.2042074 19.827595
281 43.2013965 19.8221953
282 43.2008278 19.823144
283 43.199712 19.8225485
284 43.1915259 19.8221549
285 43.190496 19.8171991
286 43.1895304 19.8168155
287 43.1900239 19.8163108
288 43.1896484 19.815362
289 43.189348 19.8147564
290 43.1887472 19.815029
291 43.188082 19.815251
292 43.1885755 19.8165531
293 43.1877816 19.8162503
294 43.1866658 19.8158163
295 43.1874382 19.8155437
296 43.1863332 19.814706
297 43.1868696 19.8121926
298 43.1857324 19.8152712
299 43.1876206 19.8116476
300 43.1867409 19.8138581
301 43.1875026 19.8138884
302 43.1882322 19.8138783
303 43.188951 19.8138682
304 43.1878352 19.8129093
305 43.1882966 19.812445
306 43.18717 19.8131213
307 43.1874812 19.8125863
308 43.1852818 19.8139893
309 43.1850886 19.8134846
310 43.1853676 19.812879
311 43.185668 19.8123339
312 43.1859684 19.8117889
313 43.1849384 19.811264
314 43.1846595 19.8117687
315 43.1867838 19.8106382
316 43.1873122 19.8118495
317 43.1863761 19.8111025
318 43.1846809 19.8094875
319 43.1834149 19.8089222
320 43.1843805 19.8100931
324 43.1839728 19.8108401
325 43.1836939 19.8112842
326 43.1833506 19.8118898
327 43.1843162 19.8123339
328 43.1833291 19.8128992
329 43.1840587 19.8129598
330 43.1826639 19.812879
331 43.182621 19.8118494
332 43.1819987 19.8118091
333 43.1819344 19.8126771
334 43.1813121 19.8117889
335 43.1812477 19.8121724
336 43.1825781 19.8135654
337 43.1829214 19.8139489
338 43.1833291 19.813848
339 43.1839085 19.8136865
340 43.1833398 19.8133433
341 43.1833613 19.814494
342 43.1842303 19.815463
343 43.1844878 19.8141912
344 43.1847453 19.8140095
345 43.1857324 19.8138278
346 43.1861722 19.8178047
347 43.1855178 19.8172294
348 43.1840587 19.8156043
349 43.1835866 19.8160181
350 43.1829536 19.8153923
351 43.1825781 19.8148271
352 43.1829965 19.8144536
353 43.1812906 19.8134846
354 43.1814945 19.8128084
355 43.1810009 19.8122532
356 43.1842303 19.816755
357 43.1833076 19.8166944
358 43.1840372 19.8175422
359 43.1824923 19.8157961
360 43.1821382 19.8154933
361 43.1810009 19.8172394
362 43.1817198 19.8150088
363 43.1812263 19.8144738
364 43.1809902 19.8140499
365 43.1804967 19.8136562
366 43.1807005 19.8148372
367 43.1801963 19.8143527
368 43.17981 19.8147262
369 43.1797028 19.8156447
370 43.1786084 19.8155235
371 43.1794024 19.8146858
372 43.1783938 19.815251
373 43.1780183 19.8147161
374 43.1790805 19.8141811
375 43.1797671 19.8138783
376 43.1801641 19.8128891
377 43.1805825 19.8120816
378 43.1806898 19.811698
379 43.1799388 19.8118393
380 43.1796491 19.8123037
381 43.1794989 19.8125358
382 43.1797671 19.8130607
383 43.1787157 19.8136158
384 43.1783724 19.8130607
385 43.1780505 19.8125156
386 43.1792629 19.8116476
387 43.177954 19.8122027
388 43.1777179 19.8119605
389 43.1776428 19.8117384
390 43.177439 19.811476
391 43.1760657 19.8120715
392 43.1762373 19.8127983
393 43.1763661 19.8135048
394 43.1770098 19.8131818
395 43.1772888 19.813636
396 43.1777072 19.8141508
397 43.1767523 19.813959
398 43.177557 19.8152813
399 43.1769776 19.815029
400 43.1762159 19.8145949
401 43.1754863 19.8146454
402 43.1748104 19.8156245
403 43.1754863 19.8160484
404 43.1761515 19.8164017
405 43.1767416 19.8166944
406 43.1773424 19.8170275
407 43.1781793 19.8155841
408 43.1787157 19.8158667
409 43.1778896 19.8173202
410 43.1785011 19.8176533
411 43.1791556 19.8165228
412 43.1795633 19.8171991
413 43.1791127 19.8179359
414 43.1781149 19.8195407
415 43.1785226 19.8189049
416 43.1779325 19.8186525
417 43.1772995 19.8184607
418 43.1763768 19.8185617
419 43.1760657 19.8179561
420 43.1765163 19.8170376
421 43.1757224 19.8166338
422 43.1756151 19.8172092
423 43.1751108 19.8173707
421 43.1784582 19.8198486
422 43.1784797 19.8200101
423 43.1800085 19.8234518
424 43.1802016 19.8235982
425 43.1783509 19.8258843
426 43.1795472 19.8248598
427 43.1804645 19.8243451
428 43.1791878 19.8257934
429 43.1809312 19.8246327
430 43.1799281 19.8256925
431 43.1805503 19.8256774
432 43.1811029 19.8259398
433 43.1813067 19.8248245
434 43.1811565 19.8251121
435 43.182385 19.8256067
436 43.1820899 19.8258287
437 43.1829321 19.8261113
438 43.1852067 19.8269087
439 43.184858 19.8276909
440 43.1857002 19.827055
441 43.1854641 19.828791
442 43.186065 19.8272417
443 43.185963 19.827817
444 43.1858611 19.828029
445 43.1875348 19.8277514
446 43.1872934 19.8283419
447 43.187272 19.8287506
448 43.1873095 19.8291291
449 43.1885701 19.8280441
450 43.1754434 19.8140398
451 43.1750679 19.8132121
452 43.1753254 19.8129396
453 43.1756794 19.8124652
454 43.1760979 19.812344
455 43.1751966 19.8111933
456 43.1743705 19.8104868
457 43.1739843 19.8109713
458 43.1747139 19.8116476
459 43.1752074 19.8121018
460 43.174628 19.8127175
461 43.1743169 19.8120513
462 43.1736946 19.8126771
463 43.1737697 19.8116879
464 43.1732869 19.8120917
465 43.172847 19.8123037
466 43.1731689 19.8127175
467 43.1724179 19.8127983
468 43.1729221 19.8115466
469 43.1717527 19.8128588
470 43.171801 19.8126216
471 43.171919 19.8113801
472 43.1724769 19.8114003
473 43.1720585 19.8104666
474 43.1726968 19.8108148
475 43.1716186 19.8114962
476 43.1714898 19.8109915
477 43.1714201 19.8105372
478 43.1709373 19.8111479
479 43.1709909 19.8105827
480 43.1702667 19.8107593
481 43.1691778 19.8113397
482 43.1697893 19.8124349
483 43.1711733 19.8118242
484 43.1710714 19.8125409
485 43.1700951 19.8130052
486 43.1710178 19.8131919
487 43.1703955 19.8135149
488 43.1707174 19.8141003
489 43.1716561 19.8136764
490 43.1699234 19.8145293
491 43.1693226 19.8141003
492 43.1690222 19.8135401
493 43.1687325 19.81299
494 43.1683946 19.8124298
495 43.1692636 19.812667
496 43.1689525 19.8121674
497 43.1694782 19.8118949
498 43.1686574 19.8116072
499 43.1680888 19.8119201
500 43.1677723 19.8113195
501 43.1669891 19.8123895
502 43.1672949 19.8129547
503 43.1677669 19.8133938
504 43.1681263 19.8134745
505 43.166737 19.8129799
506 43.1669784 19.81352
507 43.1674933 19.8145697
508 43.1676757 19.8150794
509 43.1776321 19.8205097