602 952
1 2 367 87.101
2 5 86 20.411
2 3 80 18.987
4 5 487 115.581
5 6 228 54.112
6 10 110 26.107
6 7 110 26.107
7 9 39 9.256
7 8 58 13.765
10 11 72 17.088
11 14 98 23.259
11 12 88 20.885
12 13 53 12.579
12 15 168 39.872
13 16 186 44.144
13 14 25 5.933
14 20 241 57.197
15 16 76 18.037
15 18 33 7.832
16 20 90 21.36
17 18 20 4.747
18 19 49 11.629
20 21 266 63.131
21 22 150 35.6
21 30 163 38.685
22 23 34 8.069
22 24 110 26.107
23 25 65 15.427
23 24 93 22.072
24 28 47 11.155
25 26 75 17.8
25 30 105 24.92
26 27 41 9.731
26 56 40 9.493
26 29 91 21.597
27 92 99 23.496
27 56 48 11.392
28 93 158 37.499
28 92 36 8.544
29 30 69 16.376
29 56 98 23.259
29 31 166 39.397
30 31 100 23.733
31 33 41 9.731
31 32 63 14.952
33 34 160 37.973
34 35 111 26.344
34 36 65 15.427
36 40 52 12.341
36 37 54 12.816
37 38 39 9.256
37 39 42 9.968
39 40 61 14.477
39 42 155 36.787
40 41 78 18.512
41 42 143 33.939
41 43 82 19.461
42 44 187 44.381
43 45 29 6.883
45 46 80 18.987
45 47 62 14.715
45 51 151 35.837
47 50 53 12.579
47 49 49 11.629
48 50 73 17.325
49 51 78 18.512
49 50 286 67.877
51 52 78 18.512
51 53 68 16.139
53 54 44 10.443
54 55 45 10.68
56 57 200 47.467
57 59 102 24.208
57 58 77 18.275
58 60 170 40.347
58 62 113 26.819
59 99 46 10.917
59 60 58 13.765
60 61 60 14.24
61 62 128 30.379
61 100 55 13.053
61 84 70 16.613
62 82 71 16.851
62 63 77 18.275
63 66 42 9.968
63 64 166 39.397
64 66 141 33.464
64 65 71 16.851
64 79 126 29.904
66 91 73 17.325
66 67 68 16.139
67 68 60 14.24
67 69 67 15.901
68 70 84 19.936
68 71 224 53.163
69 70 45 10.68
69 91 90 21.36
70 71 58 13.765
71 72 408 96.832
72 73 120 28.48
72 75 230 54.587
73 74 188 44.619
73 75 113 26.819
75 76 74 17.563
76 78 105 24.92
76 81 36 8.544
76 77 166 39.397
78 91 315 74.76
78 79 80 18.987
79 80 170 40.347
82 83 62 14.715
82 85 89 21.123
83 84 68 16.139
83 89 166 39.397
84 86 168 39.872
86 87 100 23.733
87 88 59 14.003
87 89 64 15.189
89 90 71 16.851
92 93 158 37.499
93 94 127 30.141
94 95 43 10.205
95 96 260 61.707
95 121 295 70.013
96 97 190 45.093
96 117 498 112.375
97 98 65 15.427
97 107 280 66.453
98 108 261 61.944
98 99 66 15.664
99 101 304 72.149
99 102 127 30.141
99 100 138 32.752
100 137 671 159.251
101 103 114 27.056
101 102 165 39.16
102 104 110 26.107
103 104 62 14.715
103 105 208 49.365
104 108 73 17.325
105 110 135 32.04
105 118 89 21.123
105 106 61 14.477
106 109 162 38.448
106 107 83 19.699
107 108 61 14.477
110 111 84 19.936
110 115 30 7.12
111 112 152 36.075
111 113 129 30.616
112 126 177 42.008
112 127 70 16.613
112 113 70 16.613
113 114 73 17.325
113 125 173 41.059
114 116 69 16.376
114 122 49 11.629
114 124 177 42.008
115 116 63 14.952
115 118 79 18.749
116 117 120 28.48
117 118 55 13.053
119 122 62 14.715
119 121 93 22.072
119 120 99 23.496
122 123 174 41.296
123 147 73 17.325
123 146 176 41.771
123 124 70 16.613
124 144 135 32.04
124 125 77 18.275
125 143 117 27.768
125 126 69 16.376
126 142 105 24.92
126 130 208 49.365
127 129 127 30.141
127 128 72 17.088
128 130 194 46.043
128 131 200 47.467
129 130 70 16.613
130 131 67 15.901
131 132 30 7.12
132 142 269 63.843
132 133 190 45.093
133 135 320 75.947
133 134 196 46.517
135 137 60 14.24
135 136 59 14.003
137 139 185 43.907
137 138 293 69.539
139 140 83 19.699
139 141 175 41.533
142 143 71 16.851
143 144 85 20.173
144 145 46 10.917
147 149 35 8.307
147 148 170 40.347
149 151 40 9.493
149 150 92 21.835
151 152 105 24.92
152 153 82 19.461
153 154 60 14.24
153 155 46 10.917
154 156 111 26.344
154 155 73 17.325
156 158 154 36.549
156 157 179 42.483
158 161 66 15.664
158 159 120 28.48
159 160 72 17.088
160 162 255 60.52
160 161 134 31.803
161 162 83 19.699
162 163 59 14.003
163 164 1002 237.808
164 179 156 37.024
164 201 187 44.381
164 165 81 19.224
165 178 141 33.464
165 166 76 18.037
166 174 33 7.832
166 167 151 35.837
167 168 175 41.533
167 173 221 52.451
168 173 44 10.443
168 169 46 10.917
169 172 133 31.565
169 170 86 20.411
170 172 180 42.72
170 171 141 33.464
172 173 212 50.315
174 175 73 17.325
175 177 38 9.019
175 176 97 23.021
177 180 93 22.072
177 178 66 15.664
178 179 47 11.155
179 201 47 11.155
180 200 50 11.867
180 181 66 15.664
181 182 63 14.952
181 191 164 38.923
181 197 70 16.613
182 190 83 19.699
182 183 105 24.92
183 184 65 15.427
184 185 78 18.512
184 190 76 18.037
185 188 79 18.749
185 189 90 21.36
186 188 86 20.411
187 192 116 27.531
187 188 123 29.192
187 189 186 44.144
189 190 81 19.224
189 196 66 15.664
192 193 127 30.141
193 210 250 59.333
193 194 94 22.309
193 215 350 83.067
194 195 132 31.328
194 205 218 51.739
195 196 58 13.765
195 203 194 46.043
195 205 75 17.8
196 197 210 49.84
197 198 70 16.613
198 203 38 9.019
198 199 70 16.613
199 200 93 22.072
199 202 123 29.192
200 201 194 46.043
201 202 70 16.613
202 243 78 18.512
203 204 64 15.189
204 205 210 49.84
204 208 63 14.952
204 209 56 13.291
205 206 104 24.683
207 208 187 44.381
208 209 118 28.005
209 237 92 21.835
210 211 54 12.816
210 212 44 10.443
212 213 45 10.68
212 214 290 68.827
215 218 375 89
215 216 107 25.395
218 219 134 31.803
218 258 149 35.363
219 227 135 32.04
219 235 75 17.8
219 220 47 11.155
220 222 173 41.059
220 221 71 16.851
222 231 197 46.755
222 226 90 21.36
222 223 69 16.376
223 224 90 21.36
223 225 131 31.091
224 525 21 4.984
226 231 66 15.664
226 227 93 22.072
227 228 68 16.139
228 229 70 16.613
228 235 117 27.768
228 234 60 14.24
229 230 81 19.224
229 233 61 14.477
230 232 69 16.376
230 231 69 16.376
232 236 364 86.389
232 233 78 18.512
232 281 227 53.875
233 234 70 16.613
234 235 163 38.685
237 238 70 16.613
237 239 216 51.264
238 243 36 8.544
238 242 264 62.656
239 240 75 17.8
239 241 35 8.307
243 244 41 9.731
244 246 52 12.341
244 245 196 46.517
246 303 396 93.984
246 247 433 102.765
246 285 385 91.373
247 248 64 15.189
247 285 87 20.648
248 250 58 13.765
248 249 134 31.803
249 250 69 16.376
249 251 149 35.363
250 257 144 34.176
251 257 60 14.24
251 252 85 20.173
251 264 210 49.84
252 253 71 16.851
252 256 173 41.059
253 256 100 23.733
253 254 79 18.749
254 256 108 25.632
254 515 78 18.512
255 256 72 17.088
255 516 76 18.037
257 284 350 83.067
258 281 268 63.605
258 259 185 43.907
258 573 105 24.92
259 260 154 36.549
259 261 457 108.461
261 263 36 8.544
261 262 99 23.496
263 264 236 56.011
263 265 115 27.293
264 268 155 36.787
265 267 115 27.293
265 266 55 13.053
266 268 356 84.491
266 270 500 118.667
268 269 46 10.917
270 271 327 77.608
270 272 71 16.851
272 273 229 54.349
272 274 386 91.611
274 275 200 47.467
274 276 233 55.299
276 277 571 135.517
276 545 793 188.205
277 278 250 59.333
277 279 276 65.504
279 280 552 131.008
279 282 136 32.277
281 282 136 32.277
282 283 137 32.515
285 286 110 26.107
286 287 80 18.987
286 292 109 25.869
286 290 222 52.688
287 288 117 27.768
288 289 105 24.92
289 290 72 17.088
289 303 108 25.632
290 291 84 19.936
290 302 142 33.701
291 296 78 18.512
291 295 77 18.275
291 301 165 39.16
291 292 154 36.549
292 293 93 22.072
293 294 131 31.091
293 295 87 20.648
294 295 86 20.411
294 298 115 27.293
294 296 146 34.651
295 300 205 48.653
296 300 105 24.92
296 298 91 21.597
297 316 61 14.477
297 312 111 26.344
297 307 81 19.224
298 308 260 61.707
299 305 118 28.005
299 316 40 9.493
299 315 151 35.837
300 301 80 18.987
300 306 95 22.547
300 310 200 47.467
300 345 105 24.92
301 302 81 19.224
302 303 75 17.8
302 304 119 28.243
303 305 174 41.296
304 307 55 13.053
304 305 72 17.088
306 307 65 15.427
306 311 181 42.957
306 307 65 15.427
308 345 55 13.053
308 344 58 13.765
309 345 86 20.411
309 310 76 18.037
309 329 122 28.955
310 311 70 16.613
310 327 127 30.141
311 312 65 15.427
311 314 105 24.92
312 313 124 29.429
312 317 86 20.411
313 314 61 14.477
313 324 115 27.293
313 317 203 48.179
313 320 191 45.331
313 514 83 19.699
314 327 73 17.325
314 325 127 30.141
315 317 70 16.613
315 318 249 59.096
316 317 129 30.616
317 514 120 28.48
318 320 73 17.325
318 319 156 37.024
320 514 104 24.683
320 324 92 21.835
324 325 55 13.053
325 326 74 17.563
326 328 114 27.056
326 331 80 18.987
326 327 114 27.056
327 329 72 17.088
328 329 79 18.749
328 330 72 17.088
328 340 52 12.341
330 336 78 18.512
330 331 114 27.056
331 332 74 17.088
332 334 64 15.189
332 333 103 24.445
334 335 44 10.443
335 355 36 8.544
335 336 210 49.84
335 338 86 20.411
336 337 55 13.053
336 335 214 50.789
337 338 45 10.68
337 341 84 19.936
338 339 67 15.901
338 340 60 14.24
339 344 97 23.021
339 340 74 17.563
341 342 140 33.227
341 343 123 29.192
342 346 331 78.557
342 348 73 17.325
342 343 141 33.464
343 344 33 7.832
346 347 96 22.784
347 348 238 56.485
347 356 217 51.501
348 349 67 15.901
348 352 168 39.872
349 356 108 25.632
349 350 94 22.309
350 359 63 14.952
350 351 77 18.275
351 353 206 48.891
351 352 56 13.291
352 354 244 57.909
353 364 73 17.325
353 354 73 17.325
354 355 83 19.699
355 368 304 72.149
355 365 166 39.397
355 357 51 12.104
355 377 52 12.341
356 357 101 23.971
357 358 129 30.616
357 359 130 30.853
359 360 54 12.816
360 361 538 127.685
360 362 70 16.613
362 363 84 19.936
362 369 370 87.813
363 366 66 15.664
363 364 57 13.528
364 365 72 17.088
365 367 86 20.411
366 367 65 15.427
366 369 144 34.176
367 369 150 35.6
368 371 44 10.443
368 369 109 25.869
369 370 119 28.243
370 408 48 11.392
370 372 36 8.544
371 372 114 27.056
371 374 67 15.901
371 375 97 23.021
372 373 75 17.8
372 407 50 11.867
373 396 71 16.851
373 374 119 28.243
374 383 71 16.851
374 375 82 19.461
375 376 120 28.48
376 377 100 23.733
376 382 41 9.731
377 379 77 18.275
377 378 40 9.493
379 380 65 15.427
380 381 30 7.12
380 386 87 20.648
381 384 133 31.565
381 382 68 16.139
382 383 130 30.853
383 396 123 29.192
383 384 82 19.461
384 395 130 30.853
384 385 71 16.851
385 394 134 31.803
385 387 36 8.544
386 387 149 35.363
387 388 38 9.019
388 392 185 43.907
388 389 28 6.645
389 390 35 8.307
390 391 159 37.736
391 454 35 8.307
391 455 128 30.379
392 393 70 16.613
392 454 51 12.104
393 397 70 16.613
393 394 64 15.189
393 452 148 35.125
394 395 63 14.952
395 397 67 15.901
395 396 75 17.8
397 398 173 41.059
397 400 92 21.835
398 399 72 17.088
398 407 66 15.664
398 405 180 42.72
399 400 89 21.123
399 404 177 42.008
400 401 72 17.088
400 404 196 46.517
401 403 146 34.651
401 402 191 45.331
401 450 72 17.088
403 404 83 19.699
403 422 303 71.912
404 405 74 17.563
405 406 72 17.088
405 420 36 8.544
406 409 74 17.563
406 418 202 47.941
406 407 185 43.907
407 408 68 16.139
408 409 185 43.907
408 411 87 20.648
409 410 69 16.376
409 417 146 34.651
410 411 152 36.075
410 413 74 17.563
410 416 126 29.904
411 412 78 18.512
412 421 345 81.88
413 412 97 23.021
413 415 128 30.379
414 415 80 18.987
415 416 69 16.376
416 417 74 17.563
416 513 223 52.925
417 418 94 22.309
417 513 123 29.192
418 419 80 18.987
418 513 111 26.344
419 420 110 26.107
419 422 105 24.92
420 421 100 23.733
421 422 15 3.56
421 509 135 32.04
422 423 468 111.072
423 424 28 6.645
423 425 327 77.608
424 426 161 38.211
424 427 95 22.547
427 428 223 52.925
427 429 55 13.053
429 431 131 31.091
429 433 48 11.392
430 431 96 22.784
431 432 66 15.664
433 434 34 8.069
433 435 134 31.803
435 436 66 15.664
435 437 82 19.461
437 439 269 63.843
437 438 264 62.656
438 439 97 23.021
438 440 57 13.528
440 441 230 54.587
440 442 38 9.019
442 443 67 15.901
442 445 169 40.109
443 444 22 5.221
443 446 63 14.952
445 449 114 27.056
445 446 69 16.376
446 447 51 12.104
446 522 105 24.92
447 448 50 11.867
448 517 294 69.776
448 522 143 33.939
448 517 294 69.776
448 522 143 33.939
450 451 106 25.157
450 512 302 71.675
451 452 36 8.544
451 462 161 38.211
452 453 65 15.427
453 454 53 12.579
453 459 64 15.189
455 458 70 16.613
455 456 120 28.48
456 457 63 14.952
457 463 107 25.395
458 459 70 16.613
458 461 63 14.952
459 460 90 21.36
461 463 72 17.088
461 462 93 22.072
462 464 70 16.613
463 464 65 15.427
464 465 45 10.68
464 468 78 18.512
465 466 60 14.24
465 467 72 17.088
467 469 78 18.512
467 512 55 13.053
468 470 165 39.16
468 474 84 19.936
469 470 26 6.171
469 486 95 22.547
469 489 85 20.173
470 471 142 33.701
471 472 60 14.24
471 475 35 8.307
471 473 105 24.92
473 474 75 17.8
473 477 63 14.952
475 483 55 13.053
475 476 60 14.24
476 478 59 14.003
476 477 55 13.053
477 479 46 10.917
479 480 78 18.512
480 481 131 31.091
481 497 69 16.376
481 498 64 15.189
482 495 65 15.427
482 483 159 37.736
482 485 67 15.901
483 484 78 18.512
484 485 118 28.005
484 486 69 16.376
485 487 65 15.427
485 492 129 30.616
486 487 79 18.749
487 488 76 18.037
487 491 130 30.853
488 489 103 24.445
488 490 94 22.309
488 511 62 14.715
489 511 141 33.464
490 491 87 20.648
490 510 64 15.189
490 508 262 62.181
491 492 75 17.8
491 507 208 49.365
492 506 223 51.264
492 493 70 16.613
493 494 80 18.987
493 495 67 15.901
493 503 115 27.293
494 496 72 17.088
494 502 128 30.379
494 499 70 16.613
495 496 69 16.376
496 497 66 15.664
497 482 67 15.901
499 501 121 28.717
499 500 83 19.699
500 501 181 42.957
501 502 71 16.851
502 503 75 17.8
502 505 70 16.613
503 504 39 9.256
505 506 68 16.139
505 507 292 69.301
506 507 124 29.429
507 508 62 14.715
510 511 96 22.784
511 512 265 62.893
515 516 112 26.581
517 518 69 16.376
517 586 282 66.928
517 518 69 16.376
517 586 282 66.928
517 587 287 68.115
518 519 70 16.613
518 587 165 39.16
518 520 181 42.957
518 519 70 16.613
518 587 165 39.16
518 520 181 42.957
519 528 40 9.493
519 521 177 42.008
519 587 210 49.84
519 528 40 9.493
519 521 177 42.008
519 587 210 49.84
520 521 60 14.24
520 522 148 35.125
520 521 60 14.24
520 522 148 35.125
521 523 130 30.853
522 523 74 17.563
523 524 74 17.563
524 600 297 70.488
524 525 21 4.984
524 600 297 70.488
524 525 20 4.747
525 526 66 15.664
525 530 369 87.576
525 526 66 15.664
525 530 369 87.576
526 527 88 20.885
526 531 337 79.981
526 527 88 20.885
526 531 337 79.981
527 528 114 27.056
527 532 270 64.08
527 528 114 27.056
527 532 270 64.08
528 533 170 40.347
529 540 280 66.453
529 573 76 18.037
529 534 55 13.053
529 533 70 16.613
529 540 280 66.453
529 573 76 18.037
529 534 55 13.053
529 533 70 16.613
529 571 68 16.139
530 535 270 64.08
530 599 119 28.243
530 535 270 64.08
530 599 119 28.243
530 531 70 16.613
531 536 270 64.08
531 532 70 16.613
532 537 280 66.453
532 533 70 16.613
533 538 280 66.453
533 534 70 16.613
534 539 287 68.115
534 573 70 16.613
535 536 65 15.427
535 554 80 18.987
535 536 65 15.427
535 554 80 18.987
536 537 70 16.613
536 555 220 52.213
536 537 70 16.613
536 555 220 52.213
537 556 270 64.08
537 538 70 16.613
537 556 270 64.08
537 538 70 16.613
538 539 70 16.613
538 557 280 66.453
538 539 70 16.613
538 557 280 66.453
539 540 70 16.613
539 558 70 16.613
539 540 70 16.613
539 558 70 16.613
540 559 270 64.08
540 541 70 16.613
540 559 270 64.08
540 541 70 16.613
541 542 80 18.987
541 560 270 64.08
541 571 280 66.453
541 542 80 18.987
541 560 270 64.08
541 571 280 66.453
542 543 70 16.613
542 561 270 64.08
542 572 280 66.453
542 543 70 16.613
542 561 270 64.08
542 572 280 66.453
543 544 69 16.376
543 562 270 64.08
543 572 282 66.928
543 544 69 16.376
543 562 270 64.08
543 572 282 66.928
544 545 289 68.589
544 563 270 64.08
544 545 289 68.589
544 563 270 64.08
545 546 443 105.139
546 547 96 22.784
547 548 109 25.869
547 551 270 64.08
547 548 109 25.869
547 551 270 64.08
548 549 175 41.533
548 551 105 24.92
549 550 142 33.701
550 551 169 40.109
552 553 80 18.987
552 579 70 16.613
552 554 82 19.461
552 553 80 18.987
552 579 70 16.613
552 554 82 19.461
553 555 80 18.987
553 554 90 21.36
553 555 80 18.987
553 554 90 21.36
555 574 100 23.733
555 556 80 18.987
555 574 100 23.733
555 556 80 18.987
556 575 191 45.331
556 557 75 1.78
556 575 191 45.331
556 557 75 1.78
557 569 133 31.565
557 558 80 18.987
557 569 133 31.565
557 558 80 18.987
557 576 210 49.84
558 559 74 17.563
558 569 90 21.36
558 559 74 17.563
558 569 90 21.36
559 560 70 16.613
559 568 105 24.92
560 561 70 16.613
560 567 170 40.347
561 566 210 49.84
561 562 70 16.613
562 563 70 16.613
562 565 266 63.131
562 563 70 16.613
562 565 266 63.131
563 564 230 54.587
564 565 80 18.987
565 566 80 18.987
565 570 345 81.88
565 566 80 18.987
565 570 345 81.88
566 567 90 21.36
567 568 75 1.78
567 578 210 49.84
568 578 162 38.448
568 569 70 16.613
569 577 160 37.973
571 572 70 16.613
574 575 111 26.344
574 579 315 74.76
575 576 100 23.733
576 577 80 18.987
577 578 80 18.987
579 580 200 47.467
579 588 69 16.376
579 599 396 93.984
579 580 200 47.467
579 588 69 16.376
579 599 396 93.984
580 582 503 119.379
581 582 90 21.36
581 584 287 68.115
581 582 90 21.36
581 584 287 68.115
583 585 45 10.68
583 586 192 45.568
583 585 45 10.68
583 586 192 45.568
584 585 130 30.853
588 589 108 25.632
588 591 166 39.397
588 589 108 25.632
588 591 166 39.397
589 590 74 17.563
589 598 155 36.787
589 590 74 17.563
589 598 155 36.787
590 598 68 16.139
590 591 96 22.784
590 594 73 17.325
590 598 68 16.139
590 591 96 22.784
590 594 73 17.325
590 598 70 16.613
591 592 72 17.088
592 594 105 24.92
592 593 72 17.088
592 594 105 24.92
592 593 72 17.088
593 595 105 24.92
593 599 41 9.731
593 597 78 18.512
593 595 105 24.92
593 599 41 9.731
593 597 78 18.512
594 595 72 17.088
595 596 72 17.088
596 597 105 24.92
596 602 80 18.987
596 597 105 24.92
596 602 80 18.987
597 601 72 17.088
599 600 146 34.651
600 601 45 10.68
601 602 105 24.92